"Y" "X1" "X2" "X3" "X4" "W"
190.16 121.3 25.72 10.76 87.6 "A"
197.27 116.68 31.46 7.93 89.88 "C"
207.59 127.13 29.86 8.54 92.9 "C"
208.01 124.96 31.7 11.92 94.29 "A"
196.95 119.88 28.83 10.21 88.76 "B"
188.89 111.54 29.63 10.71 84.98 "C"
201.35 123.25 29.55 10.61 91.26 "B"
196.34 117.88 30.55 7.04 89.5 "B"
200.42 120.69 29.76 9.54 88.96 "B"
198.44 116.32 31.71 9.25 90.06 "B"
200.41 116.59 31.54 10.14 89.66 "B"
210.66 129.06 30.29 10.63 94.23 "B"
199.49 122.88 28.32 10.04 89.49 "C"
191.06 116.54 28.68 8.97 86.75 "A"
207.71 121.14 31.98 11.69 92.79 "C"
193.07 119.58 26.21 10.24 85.47 "A"
203.98 117.23 32.69 11.8 91.57 "A"
197.16 121.56 26.07 12.95 87.46 "C"
194.16 120.36 26.78 9.83 87.2 "B"
198.39 118.8 29.38 8.94 88.91 "A"
195.16 126.22 25.69 10.88 88.23 "A"
199.71 121.59 29.52 9.43 89.45 "A"
209.8 118.59 33.28 9.99 91.85 "B"
207.53 119.71 33.25 9.5 93.01 "B"
198.68 117.91 30.07 8.92 89.04 "A"
190.54 121.01 26.54 7.31 86.13 "C"
203.22 122.68 30.49 8.98 91.33 "B"
208.52 124.87 31.13 8.74 92.57 "C"
191.24 116.76 26.77 9.61 85.36 "C"
198.96 119.09 30.82 9.86 90.45 "A"
198.04 115.33 31.19 9.47 88.84 "B"
195.08 114.36 29.59 10.79 87.52 "A"
201.19 121.74 29.1 11.2 89.95 "B"
202.79 120.1 31.72 10.79 91.71 "C"
205.64 124.74 29.42 10.04 91.96 "C"
201.21 122.23 30.61 10.38 91.22 "C"
205.63 120.18 31.9 9.01 92.25 "B"
201.84 115.6 31.62 11.26 89.91 "A"
194.01 115.28 28.27 10.97 86.45 "B"
206.45 123.94 29.64 10.82 91.3 "A"
200.16 120.66 29.4 9.85 89.86 "A"
205.98 126.28 29.89 10.42 91.81 "A"
201.75 120.54 31.54 11.16 92.47 "C"
199.02 115.74 30.56 9.85 88.19 "C"
200.31 128.36 24.83 10.21 88.99 "B"
198.65 120.07 29.26 10.1 89.14 "A"
202.45 121.34 30.28 11.08 90.53 "A"
206.35 124.42 31.36 8.61 92.99 "C"
193.38 118.73 28.6 12.12 88.3 "C"
197.64 119.32 29.54 9.4 89 "A"
195.32 118.81 28.34 10.59 87.44 "A"
188.38 115.86 26.47 10.01 84.42 "A"
210.74 124.24 33.73 10.87 95.93 "C"
196.41 119.68 27.2 9.59 86.58 "A"
207.36 122.77 33.54 10.16 95.17 "A"
194.97 117.99 28.22 11.17 87.09 "A"
188.24 116.91 25.23 10.75 83.74 "B"
189.35 114.15 28.11 11.92 85.18 "C"
202.54 119.65 30.91 10.47 91.15 "A"
197.95 117.47 29.62 9.6 87.74 "C"
199.23 116.63 31.9 9.6 91.12 "B"
192.41 111.47 30.76 8.91 85.45 "C"
190.3 115.08 28.5 11.05 85.61 "A"
192.71 118.38 26.87 10.11 85.73 "C"
206.13 122.08 31.47 9.72 93.44 "B"
203.53 119.76 30.48 11.81 90.72 "B"
199.45 121.55 29.76 9.58 90.57 "A"
201.53 117.04 31.44 9.97 89.89 "B"
207.22 122.7 31.01 10.42 93.52 "A"
203.42 122.13 29.97 10.52 91.71 "B"
196.2 113.89 32.15 9.77 89.76 "B"
192.4 117.97 27.66 10.39 86.93 "A"
205.38 125.72 30.04 8.12 92.17 "B"
191.9 115.25 29.42 11.57 86.36 "C"
208.07 126.99 28.63 10.23 92.36 "B"
212.21 127.08 33.22 10.49 97.26 "B"
203.61 119.98 29.56 9.49 89.5 "B"
196.69 117.17 27.13 10.14 85.39 "A"
207.07 122.4 31.16 11.9 91.93 "C"
205.94 124.75 30.23 10.69 92.66 "C"
197.83 118.01 29.92 11.38 89.16 "C"
200.3 120.43 29.66 10.76 89.59 "C"
208.98 123.45 31.04 10.61 92.78 "A"
202.72 122.03 29.45 8.78 91.23 "C"
196.07 118.12 28.76 10.63 87.43 "A"
195.37 119.25 29.12 9.53 88.63 "A"
187.75 115.61 26 12.06 83.8 "A"
210.63 122.27 33.39 9.71 94.42 "B"
196.36 121.5 25.47 10.9 85.84 "B"
202.64 124.72 29.48 10.2 91.91 "A"
203.35 117.95 32.92 10.6 91.69 "A"
205.64 129.21 28.94 10.67 94.33 "A"
192.62 117.63 27.95 8.52 86.06 "C"
206.76 123.3 31.92 9.59 93.65 "B"
202.24 122.7 31.1 9.39 91.78 "B"
201.35 123.76 28.02 10.2 89.74 "B"
204.01 119.45 32.06 12.03 91.91 "A"
201.76 121.05 28.64 10.34 89.18 "B"
204 121.36 31.32 10.77 92.27 "A"
201.82 119.84 31.28 9.97 91.1 "B"
195.17 112.49 30.27 9.61 87.01 "B"
198.55 119.29 27.48 10.31 86.51 "C"
203.8 118.47 31.36 9.97 90.48 "A"
198.23 121.65 28.95 8.92 89.37 "C"
205.28 121.52 31.27 10.02 92.29 "B"
192.97 117.98 26.54 8.94 85.68 "A"
212.37 127.65 30.96 9.79 94.98 "C"
197.3 110.59 32.06 9.35 87.97 "C"
202.84 121.26 29.98 8.91 90.55 "A"
191.74 115.08 28.26 10.52 85.16 "C"
198.19 121 28.37 10.73 88.67 "A"
204.54 122.21 30.01 10.35 91.22 "C"
202.47 118.66 31.43 10.16 90.64 "A"
198.55 120.86 28.69 10.62 88.62 "C"
192.89 112.68 30.16 8.35 85.81 "C"
193.08 116.72 27.53 9.82 86.73 "B"
205.47 124.7 32.09 8.63 94.78 "A"
198.05 122.4 27.21 8.56 87.71 "B"
210.41 121.48 34.01 10.39 94.62 "B"
211.01 129.71 30.09 11.02 94.16 "B"
205.6 122.02 31.8 10.56 92.58 "B"
190.27 117.73 26.66 10.7 84.83 "A"
202.34 121.27 30.8 9.65 92.61 "B"
190.77 109.99 30.15 8.32 84.63 "C"
200.72 122.69 28.74 9.66 90.27 "A"
210.41 124.24 32.03 10.61 94.13 "C"
208.77 129.14 30.69 10.21 95.6 "A"
192.92 116.16 28.66 10.23 86.44 "C"
206.06 125.61 29.09 9.52 92.21 "B"
201.31 117.29 31.79 10.44 90.16 "B"
196.88 118.85 29.25 10.28 89.31 "C"
203.63 123.59 31.34 10.45 92.95 "B"
207.84 121.28 32.16 9.94 93.39 "B"
199.88 116.18 30.26 9.65 88.66 "A"
199.16 122.18 28.32 9.64 89.24 "A"
190.11 113.34 30.14 8.53 86.31 "C"
190.92 120.54 25.56 10.11 87.23 "C"
207.42 121.93 32.26 10.5 93.34 "C"
194.97 121.15 27.48 8.97 87.87 "A"
197.28 118.61 29.38 11.9 88.9 "C"
200.89 123.24 30.1 12.18 92.72 "A"
209.32 121.29 32.7 9.73 92.93 "A"
196.56 118.52 30.09 10.77 88.92 "C"
202.12 118.49 30.56 11.64 89.25 "B"
196.97 116.9 30.19 11.37 88.26 "B"
212.65 130.99 31.73 10.55 97.06 "A"
195.86 116.51 28.53 9.09 87.6 "C"
195.26 119.13 28.59 10.55 87.81 "B"
214.2 128.62 32.5 10.12 96.11 "B"
204.08 123.86 30.73 9.19 92.92 "B"
211.02 122.97 34.24 10.65 96.91 "B"
210.31 122.22 33.03 11.08 95.18 "A"
214.62 126.79 33.96 7.95 97.36 "A"
201.25 123.41 27.89 9.87 89.35 "C"
202.13 117.12 31.22 9.43 89.58 "B"
200.31 118.23 32.01 9.09 91.47 "B"
190.46 118.6 27.33 8.15 86.4 "A"
186.89 111.39 27.72 9.02 82.86 "A"
204.8 123.9 29.23 9.56 91.36 "B"
212.96 124.91 33.72 9.46 95.93 "A"
197.62 121.59 28.86 8.94 89.9 "A"
192.83 111.03 29.68 9.05 84.74 "A"
203.11 122.93 30.96 9.84 92.96 "B"
206.61 123.42 28.41 10.12 90.43 "C"
201.79 113.5 32.19 8.05 89.32 "C"
203.82 120.95 31.04 9.84 92.25 "B"
191.1 115.97 29.31 10.09 87.59 "C"
196.08 119.98 30.08 9.07 90.14 "A"
206.58 123.49 31.62 9.71 92.87 "A"
204.43 122.11 31.59 10.11 92.62 "B"
195.8 118.66 28.67 8.46 87.68 "A"
204.64 122.68 32.08 10.53 94.15 "A"
202.75 117.34 32.47 9.46 91.18 "A"
195.3 119.19 29.11 8.36 87.63 "B"
196.57 118.18 29.64 9.84 88.65 "B"
193.09 121.65 26.64 10.11 87.8 "C"
192.57 121.76 26.83 10.14 88.35 "A"
211.64 129.12 30.39 8.81 94.56 "A"
206.69 123.51 31.45 9.98 93.46 "A"
210.47 128.95 30.16 7.61 93.85 "C"
206.48 119.61 32.4 8.34 92.93 "C"
200.27 117.34 30.02 10.56 88.93 "B"
205.86 122.04 32.72 9.55 94.02 "A"
205.02 120.11 32.13 9.89 92.2 "A"
202.82 120.47 31.02 9.84 90.28 "B"
195.9 122.28 27.58 11.14 88.58 "C"
202.9 125.66 28.92 10.09 91.85 "B"
205.51 124.08 30.01 9.12 92.48 "B"
196.14 118.85 27 8.66 86.33 "A"
194.44 122.25 26.96 10.72 87.5 "B"
202.01 119.78 29.94 10.68 89.74 "A"
204.32 121.66 31.12 11.04 92.75 "C"
196.47 119.99 27.32 12.44 87.12 "C"
187.65 114.92 27.36 8.37 84.95 "C"
200.37 118 30.57 9.96 89.57 "B"
200.22 120.32 30.44 11.1 90.77 "A"
198.63 121.93 28.03 9.68 89.36 "B"
189.16 117.88 27.64 9.87 86.79 "A"
207.63 117.96 36.1 7.39 94.54 "A"
206.69 130.09 28.87 10.95 93.16 "A"
